

[((0.0, 0.0), 40.0)]

[((100.0, 100.0), 40.0)]

[((200.0, 200.0), 100.0)]

[((200.0, 200.0), 100.0)]

[((0, 0), (0, 0))]

[((0.0, 0.0), 100.0)]

[((0.0, 0.0), 40.0)]

[((0.0, 0.0), 40.0)]

[((100.0, 100.0), 40.0)]

[((500.0, 400.0), 40.0)]

[((600.0, 350.0), 40.0)]

[((0.0, 0.0), 40.0)]

[((0.0, 0.0), 40.0)]

[((0.0, 0.0), 40.0)]

[((100.0, 100.0), 40.0)]

[((0, 0), (40.0, 0.0))]

[((0, 0), (40.0, 0.0))]
[((0, 0), (40.0, 0.0)), ((0, 0), (0, 0))]

[((0, 0), (40.0, 0.0))]
[((0, 0), (40.0, 0.0)), ((0, 0), (0, 0))]

[((0, 0), (0, 0))]

[((0, 0), (0, 0))]

[((0, 0), (0, 0))]

[((0, 0), (0, 0))]

[((100.0, 100.0), (200.0, 200.0))]

[((0, 0), 100.0)]

[((0, 0), 300.0)]

[((80.0, 80.0), (160.0, 160.0))]

[((0, 0), (0, 40.0), (40.0, 40.0), (40.0, 0))]

[((100.0, 100.0), (400.0, 300.0))]
[((100.0, 100.0), (400.0, 300.0)), ((100.0, 100.0), (400.0, 300.0))]

[((100.0, 100.0), (400.0, 300.0))]
[((100.0, 100.0), (400.0, 300.0)), ((100.0, 100.0), (400.0, 300.0))]

[((100.0, 100.0), (400.0, 300.0))]
[((100.0, 100.0), (400.0, 300.0)), ((100.0, 100.0), (400.0, 300.0))]

[((90.0, 80.0), (45.0, 50.0))]
[((90.0, 80.0), (45.0, 50.0)), ((90.0, 80.0), (45.0, 50.0))]

[((90.0, 80.0), (45.0, 50.0))]
[((90.0, 80.0), (45.0, 50.0)), ((90.0, 80.0), (45.0, 50.0))]

[((90.0, 80.0), (45.0, 50.0))]

[((100.0, 100.0), (200.0, 200.0), (300.0, 400.0), (190.0, 160.0), (430.0, 560.0), (640.0, 720.0))]

[((100.0, 100.0), (200.0, 200.0), (300.0, 400.0), (190.0, 160.0), (430.0, 560.0), (640.0, 720.0))]

[((100.0, 100.0), (200.0, 200.0), (300.0, 400.0), (190.0, 160.0), (430.0, 560.0), (640.0, 720.0))]

[((160.0, 0.0), (80.0, 138.5641), (-80.0, 138.5641), (-160.0, 0.0), (-80.0, -138.5641), (80.0, -138.5641))]

[((160.0, 0.0), (80.0, 138.5641), (-80.0, 138.5641), (-160.0, 0.0), (-80.0, -138.5641), (80.0, -138.5641))]

[((10.0, 0.0), (5.0, 8.6603), (-5.0, 8.6603), (-10.0, 0.0), (-5.0, -8.6603), (5.0, -8.6603))]

[((110.0, 100.0), (105.0, 108.6603), (95.0, 108.6603), (90.0, 100.0), (95.0, 91.3397), (105.0, 91.3397))]

[((150.0, 100.0), (125.0, 143.3013), (75.0, 143.3013), (50.0, 100.0), (75.0, 56.6987), (125.0, 56.6987))]

[((150.0, 100.0), (125.0, 143.3013), (75.0, 143.3013), (50.0, 100.0), (75.0, 56.6987), (125.0, 56.6987))]

[((150.0, 100.0), (125.0, 143.3013), (75.0, 143.3013), (50.0, 100.0), (75.0, 56.6987), (125.0, 56.6987))]

[((150.0, 100.0), (125.0, 143.3013), (75.0, 143.3013), (50.0, 100.0), (75.0, 56.6987), (125.0, 56.6987))]
[((20.0, 40.0), (150.0, 100.0))]

[((0, 0), (30.0, 0.0))]

[((100.0, 100.0), (130.0, 100.0))]

[((0, 0), (10.0, 0.0))]

[((0, 0), (10.0, 0.0))]

[((0, 0), (10.0, 0.0))]

[((0, 0), (10.0, 0.0))]

[((0, 0), (10.0, 0.0))]

[((0, 0), (10.0, 0.0))]

[((0, 0), (10.0, 0.0))]

[((0, 0), (10.0, 0.0))]

[((0, 0), (10.0, 0.0))]

[((0, 0), (10.0, 0.0))]

[((0, 0), (10.0, 0.0))]

[((100.0, 100.0), 40.0)]

[((100.0, 100.0), 60.0)]

[((200.0, 200.0), 60.0)]

[((200.0, 200.0), 60.0)]

[((100.0, 100.0), 100.0)]

[((200.0, 200.0), 100.0)]

[((100.0, 100.0), 100.0)]

[((100.0, 100.0), 100.0)]



[((0, 0), (100.0, 0.0))]

[((0, 0), (100.0, 0.0))]

[((0, 0), (1000.0, 0.0))]


