

[((0.0, 0.0), 40.0)]

[((100.0, 100.0), 40.0)]

[((200.0, 200.0), 100.0)]

[((200.0, 200.0), 100.0)]

[((0, 0), (0, 0))]

[((0.0, 0.0), 100.0)]

[((0.0, 0.0), 40.0)]

[((0.0, 0.0), 40.0)]

[((100.0, 100.0), 40.0)]

[((500.0, 400.0), 40.0)]

[((600.0, 350.0), 40.0)]

[((0.0, 0.0), 40.0)]

[((0.0, 0.0), 40.0)]

[((0.0, 0.0), 40.0)]

[((100.0, 100.0), 40.0)]

[((0, 0), (40.0, 0.0))]

[((0, 0), (40.0, 0.0))]
[((0, 0), (40.0, 0.0)), ((0, 0), (0, 0))]

[((0, 0), (40.0, 0.0))]
[((0, 0), (40.0, 0.0)), ((0, 0), (0, 0))]

[((0, 0), (0, 0))]

[((0, 0), (0, 0))]

[((0, 0), (0, 0))]

[((0, 0), (0, 0))]

[((100.0, 100.0), (200.0, 200.0))]

[((0, 0), 100.0)]

[((0, 0), 300.0)]

